3724
3089
2009
3723
3722
3087
3721
3086
2004
3720
3085
1319
3084
1318
3083
2003
1317
3082
1316
1315
1314
1313
1312
3285
1311
1310
3726
3924
2010
3711
3098
3714
3713
1329
3290
1328
3710
3097
3096
3091
1325
3719
3090
1324
3093
1327
3092
1326
3716
1321
3715
1320
3718
1323
3717
1322
1330
3911
3742
3599
3745
3744
1075
1074
3844
1076
3841
3840
1307
1306
1309
1308
1301
1300
1063
1303
1062
1302
1305
1304
1058
1056
1057
3930
3931
3932
3933
3110
3111
3240
3112
3241
3242
3243
3244
3621
3622
3625
3626
3829
3623
3624
3106
3108
3102
3105
3104
3616
3100
3617
3101
3611
3612
3613
3614
3615
3245
3801
3706
3707
3800
3504
3708
3709
3508
3361
3362
3363
3364
2140
2138
2139
2137
1004
1001
3146
1006
3006
3003
3004
3009
3007
3008
3342
3341
3340
3010
3156
3155
3154
3153
3200
3152
1011
3151
3150
3139
3135
3136
3137
3348
3345
3001
3143
3142
3145
3401
3144
3211
3141
3140
3124
3029
3027
3028
3025
3026
3512
3035
3031
3222
3134
3113
3114
3430
3115
3431
3116
3117
3022
3024
3023
3020
3122
2053
2054
3048
3047
2050
2051
2052
3434
1051
3197
3433
3198
1054
3196
1055
1052
1053
3191
3050
3190
3056
2047
3057
2049
1341
1340
3301
3303
3302
1037
1036
1039
1038
3187
1339
1042
3184
1043
3185
1335
3040
1336
3180
3041
1337
3181
3042
1338
3043
1331
3044
1332
1333
3046
1334
3901
3069
3903
3902
1029
1028
1027
3460
1026
3070
3174
3071
1033
3751
3172
1031
3078
3077
3074
3170
3075
3652
3072
3073
2041
2044
2045
2043
3158
3157
3159
1018
3060
3165
3065
3067
3068
